[app/ui]
version = 6.2.0
modtime = 1425429621.581636000

[app/launcher]
version = 6.2.0
modtime = 1425429621.591476000
